4896 5027 1590 6394
4876 8390 5612 4552
4821 2266 7386 1076
4865 2168 5619 2756
4802 2615 5126 6652
4811 6421 5548 3715
4859 8956 1264 3712
4812 3456 7891 2345
4862 7215 5912 5731
4848 4848 4848 4848
4885 3214 5421 4246
4828 2415 8521 5412
4890 4947 5490 6294
4890 4947 5490 6395
4891 4947 5490 6395
4872 1256 9612 5739
4814 1456 5124 2562
4876 3528 8275 5372
4858 5327 8543 8634
4872 5673 0523 5821
4819 2513 7583 5231
4829 2614 6832 1245
4806 5721 5831 3214
4890 4945 5450 6395
4996 5027 1590 6394
4976 8390 5612 4552
4921 2266 7386 1076
4965 2168 5619 2756
4902 2615 5126 6652
4911 6421 5548 3715
4959 8956 1264 3712
4912 3456 7891 2345
4962 7215 5912 5731
4948 4848 4848 4848
4953 6843 7752 1782
4928 2415 8521 5412
4990 4947 5490 6294
4990 4947 5490 6395
4991 4947 5490 6395
4972 1256 9612 5739
4914 1456 5124 2562
4976 3528 8275 5372
4958 5327 8543 8634
4972 5673 0523 5821
4919 2513 7583 5231
4929 2614 6832 1245
4906 5721 5831 3214
4990 4945 5450 6395
5096 5027 1590 6394
5076 8390 5612 4552
5021 2266 7386 1076
5065 2168 5619 2756
5002 2615 5126 6652
5011 6421 5548 3715
5059 8956 1264 3712
5012 3456 7891 2345
5062 7215 5912 5731
5048 4848 4848 4848
5011 1111 1111 1111
5028 2415 8521 5412
5090 4947 5490 6294
5090 4947 5490 6395
5091 4947 5490 6395
5072 1256 9612 5739
5014 1456 5124 2562
5693 3521 4328 7985
5076 3528 8275 5372
5058 5327 8543 8634
5072 5673 0523 5821
5019 2513 7583 5231
5029 2614 6832 1245
5006 5721 5831 3214
5090 4945 5450 6395
5196 5027 1590 6394
5176 8390 5612 4552
5121 2266 7386 1076
5165 2168 5619 2756
5102 2615 5126 6652
5111 6421 5548 3715
5159 8956 1264 3712
5112 3456 7891 2345
5162 7215 5912 5731
5148 4848 4848 4848
5862 3246 7512 6482
5128 2415 8521 5412
5190 4947 5490 6294
5190 4947 5490 6395
5191 4947 5490 6395
5172 1256 9612 5739
5114 1456 5124 2562
5176 3528 8275 5372
5158 5327 8543 8634
5172 5673 0523 5821
5119 2513 7583 5231
5129 2614 6832 1245
5106 5721 5831 3214
5190 4945 5450 6395
6831 7728 0215 6419
6793 1454 6312 1143
6871 1246 7516 5741